1435
410
338
1446
1627
836
1996
1179
556
744
1764
1148
1163
766
1985
1981
1980
372
931
1665
1298
1901
934
307
445
1991
1960
1677
540
1132
612
647
1605
392
711
888
496
1616
1549
671
837
1395
128
1726
1884
865
1254
1808
1288
1186
1127
165
1976
1479
1898
873
1378
1550
1926
1137
267
1813
273
592
1941
1662
350
864
534
484
1225
1880
871
1052
874
1502
274
560
315
1998
557
914
1755
1337
910
1875
203
1248
673
1641
1613
342
237
602
249
1418
728
845
1221
1826
1277
823
780
149
1215
904
1436
1247
1015
955
1993
940
1777
805
1660
1021
1340
1876
1387
283
1859
1540
1821
1055
648
1589
1234
1504
443
1999
848
1629
574
900
1322
1979
374
774
1043
1133
783
297
1434
407
228
1097
1834
628
1245
1681
918
1310
771
1182
544
1369
730
606
1761
375
1536
291
570
1990
1308
1383
1762
1630
306
1775
645
1978
1292
1001
400
698
846
1325
624
1587
586
651
1944
1463
205
316
1106
1266
1541
1384
712
736
829
839
982
465
1957
1732
644
1943
1471
1123
1096
1563
1271
1647
747
452
642
406
1966
951
1020
1159
1602
423
431
1551
284
385
1720
1372
1312
825
253
558
359
1740
427
1745
1796
1849
1947
473
870
499
278
1594
519
1567
639
784
1722
693
1684
411
1894
1183
1975
1487
1010
785
1468
920
661
746
467
1686
760
1988
1916
1912
917
954
501
458
1063
1255
828
1405
972
1400
566
357
1712
816
597
554
1295
1733
261
782
1090
906
1394
636
1739
282
260
1109
1578
1682
1257
303
582
1959
964
690
1986
420
1366
1049
1114
1923
1778
1995
1023
1829
1219
506
1161
1835
588
844
1360
1218
1770
1155
831
279
1329
1855
1535
275
756
1013
1795
1294
1149
250
787
1355
522
1756
243
1460
1774
1077
1614
437
193
790
1461
715
276
1177
1433
883
1552
1038
1386
1922
672
1597
1553
1858
1000
833
371
1856
1042
683
799
1354
202
1526
1401
1825
1874
1705
1666
801
1749
1120
270
1621
953
1800
324
585
1093
430
246
1242
1135
1640
725
1528
380
1342
1697
1521
377
1838
1882
1514
1151
1458
1545
1143
321
1194
950
1769
1102
723
1364
486
530
1892
531
1367
1371
1579
1661
1754
1908
1910
889
1765
1893
1413
1204
1113
432
1653
646
1654
1008
1673
925
1501
1350
1685
1547
803
853
208
1379
1208
577
1865
365
921
1806
1284
822
1519
1854
1223
1199
1267
1202
773
263
1839
353
1213
885
1603
1843
1559
1507
1851
938
718
897
1759
1256
301
609
896
1146
781
664
1412
797
1045
1729
1683
341
1488
1474
209
326
1486
1935
1192
1019
347
1692
1703
1626
1737
477
217
1642
231
1290
286
861
1244
515
224
1566
1072
841
457
1599
1827
561
449
1509
1539
939
1600
1933
262
1977
1718
334
1695
319
1376
1548
1018
1852
1555
1788
1327
1306
952
1871
1162
1427
330
1747
1007
520
659
1330
230
1319
1134
403
1612
675
1699
753
408
333
1117
476
309
1003
1779
1837
1656
1032
576
1581
259
564
505
886
1164
890
1953
1393
1723
1503
832
1191
1307
1144
1927
1531
637
1014
1771
1279
1107
404
220
1674
984
1524
1911
1335
1994
1481
1313
1472
382
240
1347
776
1058
368
1374
1011
1798
1751
1351
710
1051
1628
1904
1033
968
1456
1142
794
464
1974
1415
1064
601
1499
1832
448
1596
318
1172
818
1575
1214
1217
1984
591
1517
1919
1353
862
358
915
1268
1483
227
402
1150
992
1758
1252
417
1315
706
948
1820
717
428
1459
1356
867
1451
311
1207
1708
1440
1516
742
812
1909
930
969
1467
1363
1878
409
1098
1913
869
1073
1278
1050
1498
928
422
1866
1125
1530
1235
1711
1658
1131
607
1490
1388
447
1357
1250
1184
679
1522
1615
1905
583
1725
1639
572
1624
1872
1141
1565
229
1973
1846
1532
1707
1607
1585
537
1836
1967
1767
1570
714
1237
763
584
1805
497
1634
1997
500
1206
1344
1664
523
1716
1608
1167
216
1094
1239
1497
1659
1606
1198
1200
475
1776
287
1065
1937
1815
1110
1982
1262
1287
1283
1702
293
1105
1190
1289
802
1233
1870
1510
398
1572
689
1644
887
895
1734
709
936
1373
1841
494
819
652
1421
1669
1738
1632
1484
1491
397
1949
1671
1297
492
1713
1036
533
1812
1040
1625
618
538
1601
1181
1080
1079
719
1352
1061
1311
1811
1147
1651
932
480
814
1438
1868
508
1273
649
804
704
1766
879
1706
1687
1954
963
1970
1709
1475
1700
1241
1286
1670
1026
1590
1053
1095
1453
824
1542
1886
1693
743
1823
1508
1317
1399
232
1495
1576
1180
1165
1416
1195
1731
1048
676
1449
1232
1276
546
1108
1899
1454
1068
1316
466
1398
1867
1258
1877
696
1100
518
1339
1185
1385
302
1145
300
1054
348
1348
424
1792
442
1056
1153
1291
1753
1620
1138
1084
1881
727
1969
390
1546
1349
272
1809
1558
817
1423
1224
1270
1494
1571
1902
493
1332
1328
1983
1992
1676
1593
1157
1380
663
1389
525
1782
236
1238
1896
1956
1169
1757
1895
1089
1591
1452
1833
1124
946
1989
701
1568
1968
1736
1583
211
1773
1787
1678
1721
1046
511
1672
1171
1299
281
1466
1158
1391
907
617
1850
1816
1230
1783
1057
1091
1188
1763
1173
1083
1478
1450
439
1520
1417
1848
1924
1320
1432
631
1341
772
1022
635
1741
1263
1790
791
1962
1505
1445
860
1300
1714
1112
513
619
1126
1952
1431
1814
210
1422
1275
1842
1447
1906
1334
929
