16401
4052
11051
15605
18571
19776
3808
11084
11514
12961
9783
19036
3237
8468
13820
15262
1638
13997
2339
11204
14282
11705
15910
8885
15246
16395
15092
18691
10158
9690
17324
15997
14097
14575
19974
18565
3030
2214
16210
12310
8223
11477
14423
14196
5842
9085
4394
10439
17536
13967
3356
5703
3462
2907
4454
5811
2532
6352
10221
14515
8710
7282
3589
15194
15044
16385
6704
12521
4179
5232
4681
14187
9456
17429
19294
12750
4130
16013
1688
18876
18397
4371
7526
4335
7140
12553
18169
6205
4062
2717
18392
19687
4111
5933
13354
7752
18639
11652
12294
19265
9802
19575
8208
569
12747
8991
6675
6005
13330
5707
10449
8398
9780
10001
19875
15148
6132
12970
12303
13812
7134
17630
5532
2266
14269
5669
10228
15740
6821
17887
2756
9592
11451
15432
5640
7545
10372
11052
2161
8361
17752
12369
17970
12301
13964
10320
13273
15555
16799
6683
7122
16646
6923
19028
5898
3187
4193
6564
2944
7416
19304
7808
17186
18644
13726
8557
8924
15115
3260
12993
6445
840
13961
17079
9423
10652
8091
10269
6460
2609
14056
9959
8275
18799
12142
19996
5336
5185
4680
19118
12382
9615
2312
13034
4113
18971
19033
5280
14648
2909
14270
14488
3781
4534
17524
19894
17615
13052
573
16821
12281
14223
1649
18980
12115
2201
14819
15451
16274
5397
16620
19738
9205
19319
13014
15707
7601
9497
19264
12289
6026
2119
17276
2594
8256
8683
5497
15020
4512
3975
15099
7231
12584
8032
10889
13889
4312
2265
3329
13235
10098
14675
16447
18993
2465
2335
13098
2593
8000
14786
11494
17191
12388
8794
19887
9803
12558
17461
15866
19201
12722
11252
3849
10998
17179
3636
13302
17418
4991
12919
4418
18790
8586
9057
3675
16164
8855
19969
16444
14901
19174
16973
8908
8479
8891
11216
10242
11369
17959
5875
15860
19243
5771
6556
9021
7726
16368
3719
15498
19632
2464
13939
4851
3973
2017
16196
6269
6361
6250
8717
4087
4460
10530
19998
19245
9869
14666
8485
8276
17468
16761
12633
15252
3529
16332
2065
10714
18614
11169
6980
10560
1744
10194
4922
19347
8880
15059
7295
9392
17569
18130
13547
17178
14390
10144
16644
15221
2173
3518
12096
12337
13251
16848
19821
14137
10542
10317
12235
3847
19333
1175
16232
15300
6977
9852
2951
19050
15068
9004
6260
3823
7710
4094
10745
3289
4109
16128
8513
5339
15926
18258
12012
7382
11933
10446
10398
4605
16389
17415
12760
17379
12206
16922
7441
3428
9668
16436
18166
18461
18379
13112
8003
14073
15801
9278
9383
14526
19197
7780
18484
11106
6587
10716
482
6781
7890
16603
7146
4475
11546
16168
15217
12950
18384
1411
12763
1554
12795
7499
3947
17674
9116
10129
1414
12385
10493
8594
5375
9983
14303
1041
12119
11540
4535
15737
3158
6890
9458
15819
8120
12903
7692
10230
6598
4198
8239
16130
3296
19424
8792
4629
9195
15715
15276
14356
18156
13789
9016
5680
4165
4142
8248
17722
4909
5291
16807
9437
10116
11653
9516
10767
17250
14274
13727
13344
13569
16586
7732
10670
12787
8863
3526
8425
12897
8279
19550
2054
11963
5260
4469
19862
11684
18991
362
17815
10342
17139
6416
13602
15782
19757
12263
5832
5603
15840
8389
3105
12485
17945
19082
12651
19250
4042
6784
13560
16929
13533
16102
11393
14331
9393
16629
2164
6719
7110
11207
4009
11962
16658
15931
13811
2450
16489
7268
11073
3817
3631
9135
10758
2373
19037
7309
12891
17037
11709
9134
13714
8382
17321
19551
1260
14410
9861
2720
11672
3612
2209
5688
10971
6741
13036
16994
19726
19163
8247
15759
16965
18728
9691
3925
2576
6988
4710
9482
9442
17917
4619
4639
3057
2505
11977
6421
14280
18849
13298
15566
4121
7529
12285
17591
8250
2884
8509
13305
2180
10188
16912
17089
6778
5994
14010
2019
19849
13688
9492
15899
5775
15117
10491
17367
17439
16481
14659
19917
19997
16781
1358
11416
10594
11745
19698
8393
12884
13910
9975
4355
8781
8802
8570
17930
7577
9210
12479
1710
2157
13932
11989
19259
7253
5876
16645
9655
16643
16425
5825
16817
16741
8975
8041
10733
19021
17256
6753
13350
11137
13129
5904
6570
15596
14782
2332
13288
16662
13570
18720
18075
19707
15614
19599
10239
3286
16548
13485
5966
18224
7889
2568
8301
16216
3430
6114
8559
14763
6751
7809
6563
2979
5741
10370
13244
19385
14442
8679
14611
18675
2657
13394
5367
2975
15487
4108
4726
9643
9460
18038
8204
7822
3069
13377
14338
17791
10412
11481
16553
9629
19878
18216
4683
13103
11277
8493
9447
11295
9266
15893
11536
5608
12957
6830
15950
18306
7060
17545
18575
2620
15663
2541
14176
12083
13209
11480
10688
13914
19818
14340
17010
17710
12803
17691
8694
2517
8656
9866
10752
4891
18796
7940
2007
14368
7224
8488
10862
8225
12381
1951
13921
12563
13361
12274
12506
13669
5389
15170
11434
17288
12568
13355
17123
9133
19411
7868
11291
8412
13365
7035
13693
17678
12336
18692
11241
14417
18901
13928
17463
8726
10743
17828
12751
6957
19880
17803
5462
12682
1735
6925
3558
2111
6668
13490
17879
19232
13526
11889
11654
13668
7347
11992
8121
7538
19364
16713
17268
12642
5156
9555
16204
18949
10160
17153
3097
11162
16639
10810
2139
15659
7718
2821
10804
2544
9155
16384
11565
6261
3133
2305
13516
2255
11489
14523
8867
14811
6678
5610
17679
18601
4977
5708
5901
19308
18059
7645
16549
19115
10948
4346
4660
9439
14435
11385
8984
13677
2254
8540
4003
12675
5934
1557
2163
13242
8017
10288
14170
17322
16587
19916
11816
11275
18086
7628
6640
18965
5123
2925
3517
11694
12655
9279
12680
10561
14028
3895
9350
12151
5998
10252
9672
14432
7012
6152
14445
19690
3784
18474
14393
16907
15119
5113
11844
2843
3992
17122
4353
17819
6479
5051
1437
4579
17046
11297
8741
9902
5384
6584
17235
12284
6514
12719
19953
3689
3192
17185
8518
9624
10314
18475
13992
18173
8840
18172
16462
9669
2409
7897
5106
16669
8597
12617
8305
15742
7237
8396
10722
15343
2198
9448
2330
7064
16404
9253
7222
17796
5546
14421
12588
1611
16575
8042
17345
2714
11284
3915
8853
17578
18983
8893
14202
13611
16814
8072
13224
7620
16561
3024
18881
12631
5674
8360
19457
2203
5459
13597
11030
10004
17344
9807
5141
9508
9189
17504
8048
9794
5617
2322
8217
18093
19574
10107
9542
8478
11512
13263
9857
18975
14158
17106
12207
11409
7365
18522
5293
9289
4688
14975
2711
6068
5362
2718
17733
15777
14930
11395
9007
3667
3285
12575
9407
13051
15776
6666
8126
16855
18894
10238
3922
4084
19008
1730
18131
8865
13320
2283
14639
15766
10582
4293
4472
16838
14773
16042
11488
9351
19716
10016
8090
19994
15520
16966
17795
4288
17008
3949
14042
16198
10304
5413
17782
3213
19354
10261
16129
13459
6176
3443
15065
12596
16779
13827
16058
17099
13349
16108
8553
15746
18787
15132
17892
5725
4054
16270
17165
4382
2097
12786
14455
17002
3948
10219
14033
5921
18794
15214
12186
14182
3867
9804
16106
15953
7227
19544
10540
7953
7683
3293
13930
6749
18419
13762
14241
5521
2259
7502
17068
6491
10910
9441
6876
17607
3054
15409
4035
8087
12643
18637
3183
11187
5792
13698
10546
11656
8284
14277
10048
19935
17939
18900
16375
16940
10524
12661
11559
18795
14850
6721
2511
9104
7542
3578
13604
8257
13776
7331
16460
12446
17661
15104
17326
10074
6492
7042
12451
17960
3444
19438
5330
4739
2956
10814
11142
9946
5231
4374
9855
14017
6034
11537
2088
17051
3418
15406
16158
11952
9156
2525
6752
12298
5681
13405
9409
3058
9584
18010
19803
4262
16282
10693
5354
1804
4107
3360
15928
11279
5743
10749
6846
7962
17121
13323
19598
15296
5689
5531
8377
3197
18870
18231
2771
6849
4427
11143
7190
18355
19352
19417
1588
16276
4999
6735
3687
5646
4263
17558
6340
14950
18062
12204
12198
8008
11253
10114
17145
8689
7971
8025
19092
2133
9065
12710
5152
19787
6986
5370
5127
9604
15220
7194
13004
10816
11355
11968
19850
17682
17575
16654
13374
9967
2937
17084
14887
6203
6852
6894
13907
8159
19948
16492
3528
9181
15660
19018
17582
15674
5592
9185
12264
10703
15580
18177
18235
6985
4744
14783
13422
18409
10492
19112
5480
4816
12370
5793
10858
15474
19428
12433
15650
19043
18677
3671
11773
16135
12742
6983
2074
4106
12469
9465
12767
19639
16054
10178
12498
13480
11460
10618
17521
19444
13549
18610
16749
12189
12397
17711
11668
4372
12201
15003
19150
16849
2307
2171
12050
15648
5182
6676
16178
6913
4486
5644
19740
18045
11815
18084
14077
12028
11509
4501
8244
14532
18631
6451
6150
10664
13630
8170
5077
9272
11503
5471
3124
18155
8674
9595
5518
16351
7315
16070
11615
14306
5513
2331
5344
14438
8028
12683
11979
4217
5829
12770
10019
17328
4499
9682
2172
4440
7029
13959
2241
10553
13219
5668
4709
6014
1891
3380
5263
17738
8868
17323
1062
13873
10815
6336
17476
13192
14068
6562
4362
7030
17278
8776
9613
9200
17584
5475
19203
8193
5071
8211
17514
17112
7772
3510
13134
4467
4520
16199
5723
13028
17048
18651
19019
14437
3856
16735
14670
2299
4072
19193
15753
13359
6671
13763
7192
9433
13415
13543
7229
13524
11383
8311
18282
5124
2985
11167
5378
12256
3679
12350
9431
3492
15413
9714
5990
6353
17347
10030
6898
19736
15711
12202
6936
17596
6500
9014
4837
10861
15897
18478
8118
2910
18512
3121
3126
12158
14552
11762
5568
5970
19421
2658
19512
12607
13392
5595
4868
3632
3220
12697
12522
5980
19310
11905
18771
5427
11644
4334
12413
4462
19782
12181
10771
10403
16650
5548
19325
12214
3046
5157
7155
9124
10833
18979
13888
13322
17141
14769
12052
13199
11287
15434
8229
9277
6191
7452
13289
15798
7507
17385
6684
14610
8621
19673
16037
10093
5162
19603
16120
4669
9489
5341
15112
18641
4215
14298
12501
3157
8341
2344
2810
7831
14039
12316
6699
19646
12007
3017
14700
16285
1940
10259
6065
17474
11110
3737
3074
13705
13576
19978
11123
3818
7797
16035
11857
13773
7214
4225
2474
5087
18174
5382
6417
4899
12958
3457
5403
16560
12971
9083
18212
14443
10853
17933
1631
3161
12450
4645
11845
19426
15156
7566
11323
13011
9345
18911
9111
14430
6307
11329
1810
18181
18863
14237
6504
4585
4500
16903
12131
2376
6326
5635
5116
11405
2825
19765
2608
4291
2504
7457
12526
4946
9958
5227
3755
19025
15651
7291
8199
15690
5037
12375
12071
17627
14493
3156
10010
9966
3639
10149
7727
8269
7150
10450
11410
7919
16150
6207
2194
6287
11516
7432
13708
6003
15467
19311
15195
6571
12887
14908
11661
9491
11917
2601
15634
9078
2400
13832
4339
4604
5398
3447
17063
12471
10085
4173
2486
2914
2911
7294
9955
2829
14809
14878
9725
19332
13384
5079
16531
18735
15446
13482
14625
2122
4092
18218
13437
14710
16528
14304
15047
8293
17816
12940
17265
3732
7057
18834
2360
19241
5590
10325
7105
18308
6374
4065
10788
5379
18694
10841
19682
2458
11655
17759
19432
19780
18102
13372
7172
17519
13722
7261
10544
8182
10111
19896
17705
17458
11736
8501
7952
4613
13824
17206
6904
2249
10374
5060
8104
13674
14316
9731
18444
11999
2243
17456
7587
10681
11418
11240
9452
18237
12723
11732
18524
17708
13580
16668
18727
16953
13376
2457
18297
5752
9410
5986
13254
18446
4146
9973
8618
14122
6453
12547
7789
11611
8630
3913
17413
11829
15144
4102
2892
10310
7223
17648
12033
8550
19221
18357
19586
2113
8663
5388
18683
3281
14822
10780
10730
6056
17061
6411
2712
7022
14388
4879
8955
13587
5985
16715
10367
4689
8092
13049
18635
19904
11153
3520
6862
13664
2351
16510
10053
19012
7038
16584
7961
5727
19269
2748
14632
17574
9211
17719
14090
17193
3672
10649
9829
13387
14971
3793
18865
5057
7045
10715
17052
19356
13291
2419
13356
15559
5138
11517
5118
3566
6717
13529
14645
3916
19399
15305
16293
10769
14753
18099
4148
12783
6926
15205
12630
10343
15137
5482
7695
15468
7088
14880
11026
5159
14209
10666
5348
12107
10287
19314
7725
3898
9931
15050
2644
16901
17638
17242
5466
12238
7329
13675
10920
2788
12133
4969
13898
14751
5000
18168
18686
17378
19464
2148
9633
5797
7050
4399
16923
8326
7350
19944
19166
12390
12859
16454
10895
14836
16520
18718
16400
18142
16767
16435
12026
13451
11580
8877
4436
10334
8770
14367
15006
5657
12774
13259
2328
11539
13858
13962
3294
4788
16564
9406
7173
13863
4972
15100
11436
16291
2952
5049
12248
7096
5150
18967
11927
5960
8786
18860
15797
14441
9419
16115
3022
19263
10787
16824
8921
12601
14334
10786
8400
12177
19652
2037
13896
11197
18970
3009
6256
6576
12638
9549
16432
17659
12180
10431
7097
15469
6763
4483
9484
17907
13851
14229
14419
12636
18072
15999
14771
8203
9763
2004
19331
1060
5886
6804
16599
12315
18838
10942
5504
17981
7506
6075
16151
12977
9721
10419
5019
11777
19374
16308
17869
5647
13345
16700
8773
6292
9709
2824
15813
3146
9723
6911
16683
15705
4509
13879
15713
15019
7434
11884
18114
14776
5868
7019
7676
17870
19472
5358
8103
10434
9532
16530
15857
11158
13729
15604
16582
6493
18127
14698
11605
5697
13148
5736
11083
9513
7998
17349
3139
8779
15199
19615
18300
19463
9330
7949
2140
10537
18350
12154
13949
9056
7835
14690
13691
10827
4027
9257
7148
12387
3855
5088
4820
5884
14228
15677
6172
7525
4582
16979
14973
18570
14161
12231
7115
10088
13821
3262
7493
13492
14656
11376
17059
14029
10957
15332
17151
8213
9394
18265
11627
9230
4845
11493
2510
8711
19832
5544
13780
14987
4485
4623
17336
11651
14190
8869
15010
2654
19303
3662
11926
14434
16688
15729
8960
10264
4034
8068
3676
13439
10023
3699
3397
11034
12802
3596
16743
3463
11193
12470
15616
11699
13502
17189
17022
5591
13427
19970
2949
13583
8342
7175
16083
19499
5322
17150
7898
10413
14767
11716
9120
7143
2217
8758
6061
3748
5131
13704
16345
10609
13548
17014
4998
3942
16403
7877
6373
14251
19869
13637
10694
6423
2041
14550
15286
15440
10731
10490
9816
18004
10029
11294
6499
2304
4067
19478
10191
3245
9526
13944
11283
13712
14275
2057
15013
4766
5254
2664
11333
7764
5838
16280
9822
11271
7938
5196
12352
4765
5756
11017
13651
12577
19413
17024
17216
6091
16651
9987
17993
11372
14595
3551
14285
3525
9868
16107
10447
16001
8690
16012
3473
12775
19692
16446
2529
15902
18037
14382
16704
10507
14638
14748
6367
19405
16366
4319
6355
19981
17756
18011
6766
19359
2792
16085
4923
17101
12659
5274
18151
11961
19618
10400
4907
5988
2768
10768
13933
10425
18239
15374
8441
13157
3538
16330
15482
17610
13443
11954
15932
14211
4706
3363
17171
7239
14131
17742
6607
15411
10655
7763
2592
14985
16813
9003
3044
2220
6057
5266
2407
7686
14650
11260
5963
16459
10803
2973
10984
4814
19121
10166
19402
10645
11128
2800
9462
11419
9488
13145
4295
11368
3314
7290
9811
2813
17898
12880
6782
9553
18649
11064
17548
19817
15126
13478
13336
7690
13670
1408
13132
3455
17500
12392
15598
14391
2590
19186
12288
9991
15058
2067
1130
14730
17350
13934
19336
10627
15319
15364
12278
4415
19760
17893
8435
10384
2062
16122
9055
8886
6192
13041
4324
2799
8709
12354
18456
11502
13694
8820
9581
9623
17984
14990
13368
19938
14778
8406
13388
15820
4937
9693
15278
19041
3389
3163
8638
15627
7845
8947
14312
18464
9396
10440
14525
9753
5307
11564
18924
12488
12906
18618
6066
19427
4682
15630
6429
2468
14699
3191
2924
12650
6527
19470
13864
15960
7655
8274
19048
17210
4343
12662
11817
6111
10043
3108
2960
18961
13346
4204
13083
6049
16445
18364
5675
8343
8243
4244
3768
9885
11168
9000
6220
13853
11111
4621
16949
7056
19805
4370
12416
19901
5404
6810
17520
14838
16580
10713
5355
11935
17649
19056
14407
10121
19826
7637
14134
4497
18369
9066
7040
19248
6162
13396
2627
5229
2992
4821
3801
17771
9097
16165
16841
16352
11616
12404
17613
12620
12702
19909
11457
14248
15835
19100
4351
11673
7749
17290
14976
5463
16183
16485
13723
5184
19864
8589
14281
6202
17117
13777
17223
5637
10397
16229
12626
19212
8702
2941
18527
1862
17783
2444
16399
19157
14728
11695
5083
8664
6020
19872
2064
12467
8782
2130
4255
7195
11261
9704
4573
11160
9446
9768
6771
13673
15923
4016
15004
17297
9454
17753
15668
6327
3135
6080
17346
12344
11146
19670
3194
5652
13509
14278
15382
12420
10875
19436
5084
12729
7289
2883
2854
16899
14081
9246
12864
14603
12280
8576
5312
18276
5204
13205
18882
16886
6874
15196
11062
17090
15789
17272
10990
19810
5851
4305
7667
19205
14095
15493
13579
14345
8930
12021
18175
13407
5764
17023
19721
12441
18676
17192
19808
18525
4958
19262
16827
12398
12519
5969
17645
11602
4008
16367
7847
3208
11814
16317
13817
7443
11183
10847
14918
19704
6895
10274
3511
15231
15646
10147
10593
9188
4948
12844
7401
5255
18189
7650
2379
13240
12817
6356
4925
17745
14089
3271
16224
12114
16171
13236
8060
2704
5517
4162
17788
3327
8816
10987
11057
4733
2793
16546
6153
10630
6426
2126
19055
3335
3917
15169
3728
10212
15001
14426
14800
9677
18987
18128
10748
4152
5333
3175
14145
6583
3740
13329
18940
15980
11873
15806
19071
9091
15183
2428
19285
7838
18236
11525
17599
12489
15643
11433
6760
18046
11270
5748
13419
7062
15051
13296
2826
5245
19123
14026
2321
5654
6201
15515
11576
6692
14360
3469
10349
5340
16235
2780
16026
13122
7055
17039
16975
18001
10207
18388
16623
7849
14337
19419
12125
9214
9784
6857
7634
7997
11076
16705
6016
15610
3838
5607
16423
12079
12124
15192
17230
6209
19612
6559
18003
8366
14936
3828
19820
16082
15017
19366
3255
18111
17058
5093
2190
11152
3641
7895
16791
11214
13755
16924
8026
9481
15652
12389
15351
19580
9641
15550
14685
13378
19564
17494
15918
5222
11840
7296
4531
14329
18741
13803
8249
18619
5597
17997
8296
18307
11923
19278
13193
8057
19408
8197
2572
19788
10255
9769
10616
17119
9889
17420
8161
18716
19683
8648
8380
8176
18964
3969
10358
5240
14198
15336
12791
12525
5827
19239
19979
16649
11315
14882
2806
2045
8723
10529
9281
10295
9235
15823
17938
12762
2772
10849
18463
11267
11563
19009
11734
13110
16776
6273
11702
17875
17812
10140
10505
10399
14008
8546
15814
13161
6119
12286
6780
11236
17006
4449
5426
17376
18567
10860
8288
10839
14247
14620
4268
10723
3018
19509
3038
8755
15295
19713
6319
14602
8848
9299
8852
2851
12561
6240
6816
3127
3710
3025
6341
2167
7688
12964
10300
16294
14981
12490
12838
14945
15587
14267
3111
16141
10679
5021
18562
10691
15736
18680
14654
11982
14472
7317
4968
17281
10944
18554
12137
10195
18563
19734
5103
9676
5553
5216
8295
3067
14797
19093
8615
3165
5268
12939
4916
14000
12536
19292
14831
14177
14480
5212
2492
3771
10155
7409
9301
11133
14001
14034
17972
14917
16857
3064
12828
19077
7209
12296
6933
5510
4818
17703
4824
16359
9298
9039
16298
15968
10435
7921
13081
16625
10445
11175
15394
10211
10756
10143
13413
5494
12384
7480
6245
2997
11966
11482
2520
2233
3629
4902
2994
3970
18405
12271
10646
9559
6239
19663
19625
15023
8029
12918
6880
13290
7975
16350
15211
11936
14288
2599
16529
7395
10801
11899
12304
3270
12699
3584
4915
19272
19943
18815
13397
15140
15830
16993
14169
2402
4221
5442
14719
19991
5535
18008
13191
17912
12778
19131
4082
18183
9005
16532
18097
19429
19533
18626
12861
3720
19230
7138
13721
18054
17810
14542
12067
8347
9105
17201
2736
18337
4596
18250
17890
13466
14564
13707
6617
11302
16408
19029
6593
15042
14088
11835
10658
6882
5755
18338
19884
16540
12932
6200
16908
14897
19656
17032
8682
12604
4325
18080
15125
18206
3678
6920
19717
13586
16287
18069
19764
15135
14933
6545
16186
3173
9217
6515
11947
17132
11796
12691
5569
16862
7739
1331
10362
17215
13757
14127
16193
19404
19502
14900
9461
5593
9871
10383
18334
17714
13120
3162
16220
18630
14693
5338
13735
4446
11423
17551
5773
14851
17470
6074
14916
4013
9479
7570
6393
19761
19110
9665
12975
7417
11608
17365
8442
4963
5989
12468
3633
17381
3013
8322
8634
16640
13615
16938
16752
16172
11910
4494
9548
15724
14941
2343
13421
5218
15355
10034
14683
14614
2500
13403
11325
9035
19498
13119
14395
6296
7920
16479
13978
13309
6604
2291
16036
10778
17978
19955
7775
6679
5507
15466
7208
9476
19175
16482
2302
15312
12841
6144
12203
8859
19106
6619
3775
19171
2030
18266
17895
10306
3834
18436
16377
9800
13391
18737
13859
16869
18468
3715
16585
11941
11021
7512
19233
11231
12295
15113
13895
9627
13761
17094
12051
16278
8889
6541
12877
7244
10569
19168
19660
18685
2869
4630
3512
6959
2509
6858
11465
17202
8556
12245
19511
6194
18886
13019
2192
11424
8945
8733
6339
9184
14101
10668
14163
10500
18505
19459
8850
9515
15219
16250
12358
16723
7740
16778
9167
10773
7109
12728
11263
12103
14837
13499
10455
16358
14919
19125
18372
6597
8064
17339
17846
14276
11513
3488
7594
8043
5226
13617
14301
14224
11553
5069
9597
15773
3749
9609
12022
17228
15186
18406
8303
5391
10484
3292
15253
4463
11554
13474
10974
8919
9573
5896
14588
4296
12395
9536
3769
5314
2708
11819
19988
5363
11972
13609
15168
7825
7866
14578
12391
11177
11317
19563
13176
17876
17944
18616
18214
11995
14307
4311
2943
10006
14560
12849
4022
14130
5053
17550
4315
18167
8101
19636
4414
19908
7561
9466
5441
3555
14311
5309
17096
7704
8070
16569
5579
4592
16558
9371
18738
12453
17043
13187
4502
17864
2565
13455
19844
15153
3807
16895
4860
14141
19136
6659
19897
13737
8819
14173
9468
6146
7562
10471
5145
18375
7957
14289
14641
16766
17538
17330
6762
1698
16376
10928
7113
10460
10761
2915
11004
9107
5790
15459
18913
10108
5815
9473
11663
14978
19530
15362
14318
18883
19341
16604
11799
10571
10577
16097
15484
13788
6877
6071
11625
12936
11851
19592
4259
19258
10921
12104
7292
19218
18632
6971
8340
2832
8827
4413
11425
17221
16251
7700
6568
15553
3850
10779
12152
13916
18904
12520
9227
13494
4784
3906
15799
10950
15162
13917
4290
10009
15816
16249
3423
11244
6304
14060
8098
15230
8051
6601
4608
13830
19720
8747
13782
3021
6095
7743
6590
11414
19396
4652
12637
15127
2583
14665
18193
19253
13226
11028
15708
8344
3706
12947
15334
4123
11362
17923
8968
3308
12572
18669
19010
8138
18126
11218
7983
7614
5098
13523
15954
18878
18719
11116
18399
16892
5018
2123
12624
13454
5855
10675
8125
9825
2842
12432
8835
17273
15326
7387
5974
15373
7181
16233
17794
2362
7616
14111
8801
2619
17266
1650
18301
6440
9146
3003
15458
14023
14011
9412
14105
3467
16331
9770
18926
15510
15761
17130
17274
14357
18076
16413
14110
5922
9910
13603
13453
18576
18058
18509
18958
16027
4439
4144
2293
4840
16508
16525
18982
3159
11044
2935
10427
13331
8427
15570
16751
6995
18082
17888
14376
3844
14160
19358
9732
9545
12610
15405
9754
16798
5209
5114
15704
10298
15887
10008
5163
14601
8451
6917
2212
11579
6627
2440
7744
5415
9098
11524
8547
2229
14848
16611
5289
5109
18002
13601
19992
5110
4194
6823
17081
18466
17286
6941
18313
9324
17832
13713
8985
12852
10564
8916
9213
3231
11430
9895
10538
12013
6801
16410
15500
6342
7936
8078
3204
5036
9475
13825
8503
10820
4992
9941
11347
16615
10638
6076
12165
2326
16170
7535
3171
4240
14521
4696
3621
7942
10806
13625
8777
5175
19425
10316
16052
10248
10684
4974
19892
18149
2530
14448
7053
14179
4576
19749
12809
11855
3783
3471
19684
12524
10636
8654
13276
15263
14440
9158
13894
13627
6277
13172
19606
10705
12136
16616
9001
5111
13109
9582
15917
9287
16565
2603
6452
17156
18359
3060
15415
16685
6589
10763
2539
16535
18366
2410
15839
6497
14940
14749
7334
15011
15398
15210
5318
18591
13805
13791
9199
14539
8320
11617
16676
5302
11098
13535
7483
11437
11753
11399
19338
11090
9571
7182
13266
7874
15973
10892
4309
4116
11623
19819
12364
6956
8944
18312
3994
14543
11659
16202
7246
19914
2888
12349
7922
9900
18416
7124
17758
13699
8566
19215
4642
6011
12846
11633
13567
3619
11389
7915
7407
12106
6169
11227
11326
12748
2466
16045
11113
15979
8491
3993
13039
13561
9305
11675
17999
5769
5751
18441
17283
12438
12851
10628
10125
3390
10115
14708
8830
16145
9384
9361
13998
19111
10906
4789
3125
14829
15376
15256
8245
3379
4020
7977
9831
12168
16596
15067
3144
12814
9273
3919
4171
5946
18740
12895
2112
15568
17080
9109
12449
16185
15898
8887
18503
5105
13225
10624
18945
10886
18602
12538
13094
6740
2580
14704
10351
3891
18731
6897
18806
18109
10483
16898
4857
17361
15038
13960
2452
5279
14729
14066
12591
15672
2685
15588
7363
17041
8937
17078
15788
5387
11991
9836
16138
5178
2056
8510
13958
14143
7976
2032
12905
16758
16486
11802
5090
8222
10573
7818
15787
19103
6025
8933
14866
13900
9628
11205
14286
7697
11363
8089
9930
5223
12534
7212
14913
16105
17103
12156
19321
15235
15701
6878
6346
19184
15765
12447
19836
13887
14413
13891
4928
12807
19214
12613
9510
18623
7073
19581
19582
17421
2820
19676
6015
17931
10543
7301
6503
16661
13179
10985
16942
13496
3035
5666
4667
5028
19651
16271
3872
13152
12495
11484
19621
5745
14063
12609
17029
19224
8460
7554
6248
5543
11915
3182
9517
5491
16998
10346
14126
6442
14310
17107
19524
4570
15577
13048
7914
16878
12266
14984
13557
5794
12731
5903
12973
6835
17176
6875
16991
7446
13868
6736
8354
12949
9376
12858
6161
10728
12666
19367
3573
15197
16837
9145
6606
9165
11535
2430
19406
13740
18603
2766
18585
18241
11144
10285
19899
17884
5313
14968
14140
16496
19700
12681
14706
13321
13645
13210
5160
7672
16414
12862
11145
7702
15121
16163
3277
19060
13793
16190
5202
14628
14557
11196
7464
7817
9370
17355
15260
6511
17498
6159
10131
10157
15347
16144
11015
3585
5436
3442
14932
10071
19198
16691
8643
17764
10392
12570
14514
19122
7523
12383
18322
17066
18912
15447
13730
18049
4540
13333
3860
16034
5164
8700
14561
17315
8646
10933
19686
9534
11025
7995
7842
14051
18024
11924
11542
10669
15948
11055
15094
16702
11973
2143
12537
19545
14633
6338
18592
19661
2746
19475
10535
10837
15535
16703
10130
6316
15591
7287
8552
16383
3831
13008
12559
8977
9635
5664
14758
2093
17313
19016
15375
4342
6727
8511
14658
10671
14087
9965
2128
10822
7823
6932
11743
15188
11446
18247
4538
4508
10368
2070
12418
15106
16608
17292
13869
5386
19161
11096
10678
10687
2672
17395
14812
8935
12991
6348
4317
9710
16547
12980
2556
15274
3404
19416
3214
8526
19865
5501
6656
9209
12810
8670
13963
14022
4139
10420
10135
3588
14027
2777
2346
19743
14411
18537
7979
8902
4556
11771
10952
9320
2258
12257
18890
14899
5043
16022
17451
13115
6592
19086
19662
6578
13589
12321
8497
10563
18148
19280
10003
2921
16853
15549
12401
19467
14319
12781
10943
11449
19220
17005
19211
10326
19437
3982
9379
2348
16936
7207
5665
19851
17370
10510
16161
17836
10663
12955
18019
4069
4852
14757
19628
10613
7716
18443
12019
15330
7948
6288
9022
19045
13596
13452
5456
9939
14732
13504
15460
6372
14178
19911
3657
15523
18819
17707
15530
3798
10672
7534
4188
3655
19623
8659
7636
14958
16318
13655
13903
13639
10046
15732
12634
16897
19883
8410
3607
14818
9799
15609
2459
17952
14403
12720
18125
11887
18140
5258
16470
8504
17535
11767
3622
15621
13546
13063
12064
6888
9363
16859
12311
13556
9249
9937
16181
11470
4024
18872
12226
19703
7656
14955
10152
6387
8899
16230
5275
7087
7612
18923
2175
10284
5683
10467
17780
14268
12935
2542
5589
15965
8914
9152
13666
12045
10598
8254
7219
8577
13100
3412
19980
6046
14061
2835
1748
11587
3643
13076
14879
11088
5957
3957
6677
12127
16910
2460
13170
17067
7489
10172
12857
10759
10352
10623
3295
13213
15780
17730
8992
9026
7737
17671
16513
3078
8532
18460
13023
10566
16636
18200
14260
9680
11417
9546
8021
17935
14404
3971
6526
15833
12889
5308
12258
9801
6175
16290
19127
8811
3222
12654
18203
16567
10365
17110
13337
2860
6407
14362
7232
19960
10735
12232
10819
10515
10027
12220
10782
17709
14580
5224
8268
17543
5534
18170
16833
11967
18147
7964
17523
16218
18370
7174
10058
2445
4398
18934
2426
12443
14856
15617
18590
5786
17316
2084
2989
11788
15076
13610
15881
18243
18672
12660
4890
17668
17775
17637
18972
5984
10650
2427
17990
16252
10041
13007
16678
11288
8136
4893
9268
18910
5719
3542
7528
16941
15584
18085
18690
16427
15612
12437
3646
9747
8083
18843
14320
14397
7894
18830
10662
9079
4053
15002
14459
4471
14944
8542
11306
8407
4996
3774
18477
13990
11054
13265
11353
15824
13106
8453
15118
17906
14664
2080
7075
17143
13149
10547
2098
5299
10161
10949
17019
15070
4219
4559
4206
12122
10231
19611
12087
17466
2543
13082
4100
19873
3682
17667
6664
2674
14959
12411
11993
12870
13352
12018
14439
4754
16840
10132
8915
4995
12544
8774
12234
16104
16554
16663
14361
16041
11638
2442
18542
17025
10253
18935
14009
14290
9922
3001
13599
12318
15858
11782
15519
8157
7880
8879
14047
8205
5102
16790
19383
9501
10760
17104
14065
7312
5492
16915
18065
18427
8941
13709
3364
10007
9918
16809
16679
19921
9543
11338
16733
10579
13371
17375
16277
18774
4694
12648
12730
10975
7450
11593
14314
8658
13661
17777
19210
12030
10937
12144
16101
14279
19791
2313
17779
17695
17566
2755
7787
14096
8107
5136
7943
10534
7368
5393
10702
16772
8413
17478
11795
12667
9176
17680
3966
10651
16765
14764
2197
7398
7298
18813
6463
15683
15428
16396
18336
2725
16487
11453
12992
8574
9372
10260
16955
6686
19261
13680
19541
15236
15280
9750
15734
8481
13593
2153
2147
5120
10953
13679
9231
4673
5225
14492
13233
16876
11309
14977
3341
9928
18986
12790
15716
18749
9015
16509
18511
11475
7093
2629
11667
19555
15883
13227
15904
7588
8143
11285
15803
19853
14634
3835
13890
17605
12059
8772
16149
5956
12771
2622
5257
2031
11666
16860
11881
17910
13001
11148
17310
7338
9169
7829
6420
2270
14501
9626
10062
2279
5920
10265
19807
10772
3287
10216
16241
12194
10555
11188
5916
17983
17784
18803
9925
12687
7332
2183
14926
19422
8363
11318
17341
11892
2009
11828
14292
16714
19972
18581
13919
9746
10798
8110
8234
16740
3744
12574
6053
17433
10103
17856
8150
12517
13512
3096
3435
7163
12277
5155
4731
10734
6098
15110
11165
9854
4157
17284
17237
16132
4005
13317
7496
16310
19517
6279
8588
11919
5626
15297
15081
17883
6573
3854
12001
15821
5624
2535
13797
12593
17018
13053
11960
4853
11415
19465
10919
13862
18332
3623
17768
17874
6173
14180
7116
15146
16211
12698
7394
14152
17540
17702
8875
17195
15264
19101
9114
10126
17205
10283
15913
15475
5301
8712
6182
10568
8302
13074
18242
4863
17686
3434
15792
6089
12776
16123
13071
19372
15088
8906
6000
12658
13428
11911
8287
7598
16959
11293
4571
3186
11354
19490
18005
12424
13769
13541
13566
17269
8896
7811
7114
15279
10900
7767
17847
14815
8688
15318
14967
8996
6157
5420
5327
11786
13220
18517
15589
3766
6914
14183
11810
9767
16826
6984
15174
18891
4904
12193
6978
4258
11262
18257
6948
6313
12653
7776
4747
10084
15455
19296
12331
4032
19031
3446
11865
15667
12582
14535
7510
4586
11316
12184
10823
18450
11895
6825
4801
11749
5072
4988
5328
18521
12101
19065
17485
17426
7658
11498
13196
10319
8309
6866
3056
9208
16247
3005
15524
6726
2434
15557
17902
12798
2515
6648
6365
11390
14993
14906
8515
5935
19149
13970
18729
17986
18750
8394
11006
19213
8555
16566
14939
17254
11314
4617
11843
18431
9906
5335
5091
8530
14491
9932
11242
10556
12073
15131
17076
11657
7662
15102
2881
16468
16326
18254
16456
7762
12130
2496
18455
14005
9343
11459
16600
8437
8480
19608
16433
3505
15779
4756
9576
16162
7133
13522
11002
11715
7556
18625
8452
19368
12997
19794
10299
13228
18543
8333
13801
11504
15750
15936
10385
17342
2615
15581
6906
19730
8851
10192
4522
19403
18540
10909
18699
5283
17108
4760
5804
16266
7161
18705
6997
15796
7308
18246
17949
17858
11308
6388
13786
15040
13622
5845
3461
9443
13542
4451
7260
11807
2560
13277
17357
11589
12866
13584
2566
18263
7482
11079
19196
19617
12082
10379
9062
15872
13948
16504
5576
3393
15649
16770
5871
16205
10393
10554
5864
5399
2690
3628
3683
14793
9313
15024
5828
18044
6697
15481
16745
4207
2497
16430
9995
11095
6060
13410
9108
3062
4256
5012
19616
10599
3618
11249
16143
11831
12550
2606
16356
10405
15606
8963
17167
10270
18451
4323
7257
14845
15754
11394
7447
7994
4572
12074
18818
19286
17881
3351
9024
11058
14219
10610
9375
17267
11636
9806
10808
8331
4566
9689
3767
19543
17792
14197
10258
18558
18133
12461
16612
18383
10100
17854
15349
17526
16024
3150
2436
17557
13739
14133
8954
13471
11733
18661
8995
12329
13814
16063
15310
2878
15030
15301
12351
15357
13195
8662
18786
17016
11778
17335
19680
17190
13270
12306
18533
11955
16313
18812
15526
5620
19982
18136
8020
15155
5345
17419
13238
13667
7522
16038
6121
2412
16518
3941
12585
9552
2323
18022
17845
14232
12540
12161
11790
11902
7213
16829
10846
6494
12255
6731
2015
17491
15925
14147
3137
15073
17387
19382
19801
17275
13884
18703
9999
9845
16118
17251
18757
19441
9471
10986
4431
19097
14905
2848
5478
18846
6312
16512
10497
7559
7184
18295
8433
8604
17672
19719
8498
8573
17241
14463
11201
2178
11438
5653
12916
9038
18234
15741
17245
19806
13216
6754
12595
7159
14647
11541
14400
9882
17087
15120
6902
17920
15419
12361
11522
15449
4150
17368
14738
17843
4583
8897
8622
15941
3218
5433
11412
5671
11724
17860
15387
13806
6195
11428
2314
17502
12219
16393
7853
18778
8139
14805
19626
14082
17454
18906
13335
11222
17852
17662
17916
10127
2724
13619
3999
4668
17573
15368
3409
16877
15325
2166
16803
11760
19693
5906
18145
12562
12047
10203
2049
13078
18103
12056
8228
7640
12611
4151
18844
14148
10712
3168
19284
10890
14791
14273
7285
9204
6328
9728
12054
16166
16828
15388
15836
12243
7218
16113
4644
7517
19831
14021
16511
19852
10856
7896
14214
14909
6087
6843
13915
9642
17036
14377
16110
18777
11022
13912
4078
19576
19876
13517
5853
18785
10682
13126
10036
13030
15644
18432
3310
13171
17211
8056
17927
17214
12777
17644
14332
8734
4328
19984
4563
9949
15751
19627
15442
14259
18346
16322
13091
18029
17611
16796
10193
12639
19160
2327
7666
18324
15258
16551
16018
15956
5238
18354
7403
7307
11922
19076
13002
5874
7408
7532
2040
9951
3685
19640
8353
12677
2425
8544
10309
12282
2275
8783
19567
15966
8922
19254
10932
16223
3324
13860
16361
14884
18663
5564
17100
18723
18365
17246
10931
16759
12261
11303
15772
10934
14629
11086
13476
16056
15867
8857
15656
15290
10415
3075
14559
16386
8507
15294
4994
18586
4798
8123
17769
18453
6631
16522
17683
19468
9252
14754
19552
19610
19350
8171
14518
18701
17220
16674
15363
3104
10081
3300
18531
5977
14538
6466
7963
2334
15309
13358
15424
10281
15152
17356
13687
10916
11965
3448
2221
7834
17126
11132
7007
14261
15154
8942
11149
6217
18473
12442
12129
16592
5014
3809
11497
6221
7941
15090
13530
9102
12494
17688
2671
3449
2986
11104
14349
13047
7404
19067
17717
6441
19456
2602
13382
8528
18196
12138
7380
7011
7183
11601
11045
17430
13431
17725
15964
17641
9771
19866
7149
14630
9950
3425
7427
4055
18814
10718
10464
10947
6228
13574
15136
11014
4833
8458
12439
19702
18919
19134
15503
14138
19824
6722
13697
4872
13144
17921
9151
12873
16169
18034
10066
8666
6086
11779
17004
16542
9572
4186
2812
12066
13026
19088
13217
18783
16928
6851
18937
12147
2983
18909
17701
6021
15671
12937
13186
14760
13528
11228
7077
4246
19724
6092
7049
17532
11830
14653
13909
5582
9772
6412
3594
14108
9397
16802
2845
15653
16559
13306
17248
2060
6048
3432
11269
13084
17450
6206
15810
10465
10232
5927
18745
13695
14370
7449
17333
4759
8927
15283
19433
3279
17631
12917
19689
16675
14500
16491
16666
2904
10371
4626
19912
19228
10168
18528
15647
13414
11824
10313
13743
11634
8957
5552
4951
11208
4584
8294
2333
11250
10344
5987
19276
14576
13061
9733
2462
2646
16812
8826
17127
11994
19940
6747
6811
9400
16819
3102
17229
5758
14249
19178
19287
14325
10562
14003
16729
19822
3738
15969
9288
15811
8607
11626
8162
12819
5706
18780
11089
10992
12464
12981
17411
17681
11452
10184
14828
19959
18706
16996
12788
19206
14923
7657
17998
13111
6189
17239
6820
2211
6999
3559
11432
5198
12155
3178
12794
15669
10894
15071
17589
14902
6775
17677
19549
10685
18653
8564
12259
3840
13923
16858
18879
10243
3155
6968
2320
4804
15808
14980
15281
11804
4813
14868
9126
16925
14842
17302
10217
3974
14389
14365
15613
12752
10437
6693
15919
17366
19653
13279
17849
13006
10338
16684
18021
8953
13572
19252
15321
10278
18377
16407
9073
14102
17673
16248
2038
6093
10428
19644
16267
14181
16431
8754
7199
7503
14246
15576
11969
13449
10335
13581
10376
17031
15245
10995
19344
11510
19158
15069
14711
13253
17866
16184
5316
12305
16240
18977
9577
17724
5009
9968
3116
18129
17234
5269
12503
14726
16179
16387
8186
7047
4030
14387
6732
12378
13742
19854
4327
10545
7000
19811
13194
10608
10056
2455
14921
16845
10350
18613
19633
7340
13470
11886
7070
6188
11476
14098
9270
12409
15232
18198
8367
15216
16153
14563
15284
13032
16471
5371
5676
15158
9654
12867
2481
18535
10597
12824
12942
6475
2893
7665
17798
18352
9309
17384
13725
13902
6544
6730
16451
4537
18569
5282
17412
8036
11903
8673
13249
16501
14204
11610
19307
15892
17489
9229
8950
7807
17070
13813
16053
12676
14464
6728
9605
11248
13715
18316
14574
19135
7632
15882
3764
9870
12830
2696
18252
6286
10485
14953
19898
18056
3857
13177
15431
10659
18188
3552
11402
11720
6078
14935
11622
17017
18016
13629
10836
19641
12343
12233
8858
17559
17148
10930
3029
15929
16677
10946
10689
10747
7736
10945
19318
18893
15009
16921
3366
14572
15372
6415
7741
18215
12113
9675
18658
14551
6254
16960
15903
3642
18943
4929
11787
16810
16605
17462
6795
11909
6299
6602
4740
13918
17901
17465
17012
5273
14016
7734
3562
14038
10844
16258
6047
14593
16982
8753
12966
5731
15877
14910
17222
14938
11986
18541
13472
14597
14150
6609
4513
16537
6954
13979
12038
13656
19796
17030
11582
16328
4849
17443
14744
2933
7188
11641
12448
9042
12195
18600
11916
9711
17789
18789
14208
19153
17506
4175
6806
13976
3663
15359
15356
7484
10994
16775
3153
14598
9487
19038
3883
8349
9758
8624
5562
10122
16746
17071
18083
4408
18298
13166
14768
18073
19609
8487
4380
12429
7118
5949
4796
10444
2612
4810
2421
17168
14257
11041
9119
4250
16811
17487
3972
18755
16369
17697
15272
10141
14946
2759
16793
13700
17102
2408
14952
9380
12684
4330
6084
10355
18361
12253
19497
18621
17955
16823
14194
14347
14507
17479
4235
14961
7054
2228
16057
8762
19474
19235
3731
19401
16896
6418
5583
13353
8033
17583
13738
17069
4607
2669
5172
13649
13703
8765
12573
4233
8323
7259
11863
17488
18398
12869
9715
19455
15571
17469
17606
6757
15658
13947
19282
11945
12374
11956
5951
10477
3591
3816
18707
19204
17744
16116
4212
11439
13267
3952
19179
9774
8736
16785
15775
6306
19963
7243
12925
17766
19014
4019
17772
18828
13614
14821
4379
17015
11681
14896
14446
11255
19671
13024
11737
14019
4832
7337
13351
7304
8210
12027
6909
14924
5034
5971
19148
10915
13861
12647
18418
11217
16861
6309
11068
12718
4185
17264
5955
7770
15377
19051
15624
19691
7391
9323
11693
12874
18289
14253
13456
13399
12015
3234
5735
19172
14036
2623
7973
18279
10410
14040
13904
15423
10964
7293
13935
12554
2686
10451
9989
10297
18595
18555
9947
18606
2340
19855
19017
2831
12178
14341
12055
19195
19966
17622
10441
12755
15239
11550
14252
3653
15313
12564
12986
10908
18930
5360
17011
19351
7111
7515
3491
17595
17646
3842
10963
12840
6490
5762
11896
14116
15915
6067
11366
13010
10146
12911
4155
15879
13506
4128
17762
4671
11077
9927
13986
18604
12486
12373
16863
12990
14352
13977
3280
16974
7568
17967
12694
12674
10923
11458
4302
12882
13634
19799
15961
13538
15985
16969
15331
16825
2366
6177
14721
7160
15473
6507
10966
2507
11382
18530
15403
17732
17696
10522
14565
10244
8612
18152
4718
2146
13954
7801
8976
17609
9583
16160
18090
11042
7581
5709
13532
11176
19409
10069
16373
12061
12836
13307
17632
12283
9061
7663
11122
18788
3702
12249
6472
10028
8124
9046
4135
19147
19257
12276
15977
19132
17298
17259
12097
15425
6357
18956
11592
7128
8226
2023
15501
3190
15733
13843
5414
2076
9971
11974
17865
11350
6081
16630
12338
16304
14505
12011
17184
19226
4050
15807
3804
10022
12527
13922
10180
19535
13128
17388
2727
2739
15540
18938
11756
15770
17882
8094
18101
7925
16820
6213
2367
19126
10876
12472
18652
14020
7821
16698
7839
13648
19928
10680
19483
13760
12393
3037
12606
14050
14891
18670
18684
19770
19098
14794
19920
8061
9187
19323
17872
15851
18936
16730
18376
15512
19559
6950
11421
4854
6019
18973
6244
2242
4299
18506
19750
3085
16515
14623
6690
18171
11174
13137
15247
18859
12292
18272
10558
4119
19777
5795
9813
11515
19554
16891
11215
16495
8115
19273
10997
13473
18811
16952
4216
19274
4428
14624
19289
8259
19802
13836
7187
15386
16275
15204
14947
12797
13563
15791
11237
18873
2533
2036
16911
14867
16964
16191
14607
15676
15060
10696
18854
11888
9140
4425
17414
3315
11373
11483
18781
13994
18579
5509
12832
11595
10430
19763
4745
2579
15842
16681
12528
7360
11059
2324
15485
13856
12605
13460
7814
17050
13999
16701
18932
12347
15854
14263
18098
18775
16946
9835
2818
10189
2663
6315
3765
16931
12734
2965
10776
10958
2645
13118
13985
10592
10330
3138
5045
12128
2908
17579
5514
10604
12618
19939
13644
3229
14462
4489
4914
13386
19540
19231
8931
10742
18092
5967
6665
18832
17985
10380
8187
5849
7848
18643
10414
19095
13525
3450
4997
11380
10171
12484
2179
11345
14802
3479
11934
11872
14071
2652
17585
17371
12229
18284
14109
11233
6981
18764
4466
8671
8974
9837
12765
10578
13607
13153
17728
3381
14792
3787
10729
14960
12287
16672
19829
18589
8748
12254
15896
11496
18134
8291
17258
18753
8888
14364
8007
19357
11401
2701
17055
8598
15962
11543
19814
16736
18572
16213
12663
10842
3799
7773
11529
11349
12072
14680
16707
19326
5894
5008
17343
10134
13489
11712
4238
14396
19877
11907
12848
13768
16259
17088
18823
19532
18199
15748
9664
17471
3571
13261
17689
19771
18748
16935
13558
13987
10789
6695
4562
15815
9602
2176
19087
8401
15486
17734
16003
12199
3477
9496
10785
11741
11259
17062
18115
15381
16932
3519
13423
18303
7567
13141
6297
10061
5739
15844
16268
12380
14146
19556
12700
19503
14200
2068
2735
13198
5324
2738
13767
16673
10674
11092
12615
3893
14234
10151
5996
19596
15783
17247
19113
2959
8278
2863
5615
19176
19277
19507
7715
14717
18808
19778
12102
14461
11532
11598
14265
3299
13411
7592
14725
10614
9180
12462
8759
10454
2785
16868
15430
12459
7442
15703
17601
8800
5558
14124
14661
12312
2499
10197
14862
16121
11533
14408
5721
5147
12236
16719
3684
12952
10924
17177
6505
14522
13117
19631
13807
17219
2010
19774
13370
17527
3595
13146
2586
19889
12240
15558
12360
12075
11560
10667
3716
17289
15525
18294
12645
17517
16305
17340
16871
19104
17827
6533
8414
11033
15529
19435
13971
5285
13155
3248
4662
10969
13107
12745
19630
15083
3203
4405
16017
17160
15909
19001
14893
15952
19042
18299
18681
12764
12017
17859
16856
13829
13158
9547
4164
10802
18948
12967
17225
10737
6989
14626
14674
7604
13503
15900
19005
15726
18534
17712
16951
9890
3943
15410
7969
8113
12892
13752
11765
4205
16208
13090
13551
4530
11194
15895
16309
11774
14479
10872
14983
16541
6050
12923
11266
15285
3092
17743
11523
5891
10766
11588
19942
6324
3802
12773
15595
18417
14843
4511
8767
14667
15223
15124
8836
4807
10654
4554
11203
19020
19607
11356
12772
19785
7761
19376
16977
6272
19117
9064
2359
12455
17320
19925
12175
18538
14106
19858
7082
10866
11575
5243
8476
18089
16379
8580
9247
6329
19412
19964
10448
11823
13402
18917
7142
2871
9913
11879
12458
15871
5880
6051
10045
5539
17765
14358
11087
15077
5369
15178
13319
7402
13429
10926
19516
17800
8695
11637
6647
8251
16995
2589
17629
17188
11821
12686
12894
18853
12931
2473
5149
16364
14399
17894
8304
11687
6498
5848
19167
11440
9418
8345
17817
16670
8825
19840
14458
13571
5859
16127
19647
3031
14398
16589
17114
8655
17669
3408
14018
18225
16286
15429
11671
14401
16986
2716
17187
16467
13059
14084
6976
3736
6055
11811
3871
4529
12419
7158
18253
19547
15249
2090
13491
19181
11826
9593
19993
4490
9737
14004
2008
12868
8722
9601
10382
16069
15841
14166
5089
9638
15287
9328
13779
19927
11647
11836
2325
11085
18594
15187
15116
4631
13973
15998
12269
2546
18191
15271
18020
12466
18493
12094
12037
2042
5995
11334
14305
16300
10456
17969
17989
5930
6257
19710
14600
2227
14429
11200
12533
10340
9706
12941
3312
17518
13600
17953
4074
13929
15790
8292
11674
17213
9194
10606
15547
19191
19879
3498
13660
12998
14482
6174
11115
6390
16682
8201
15698
16881
15103
15738
15208
13839
15583
10978
19900
14384
18395
8421
17204
15642
18245
16009
10496
6787
4855
18925
16335
18582
17773
13280
17093
19496
10366
7746
18157
7399
12608
11680
12262
18271
16112
16816
12926
10386
12435
10878
17075
14498
10770
19637
14139
13720
11292
16227
3343
2968
17713
12678
11931
6484
2621
5505
16303
3020
5457
17280
12785
7438
7603
13795
13841
4114
15417
19579
11825
10076
11178
15228
15404
3416
10206
12080
11784
16957
7580
6694
17157
4781
9216
6768
5661
18989
12500
11629
12668
17533
14707
7824
11173
10517
16061
5717
8096
9398
4637
13488
15304
12185
19679
15987
13286
11426
10266
14608
16455
14363
11141
18226
5213
4136
9538
12421
15832
10800
18715
18292
14590
13275
16297
15719
12224
18424
14673
12622
6889
5029
7786
12920
16442
16718
10619
10962
11519
8514
8693
16032
5408
17423
14517
13671
19861
10073
13285
18435
15607
15714
5958
17855
18928
19962
7862
13774
14712
13965
16390
17666
3920
16981
16872
6215
4231
15905
18824
7372
19377
17657
14830
18197
7861
5976
12163
14513
18017
13130
14313
13676
19752
18664
19947
15062
9070
2237
15934
17982
13297
19838
19758
16302
14785
18769
19059
14402
9449
13781
14553
15760
11226
4684
11847
10831
15407
4120
8310
18066
13606
12705
13077
6321
16610
17359
7929
17612
19256
9828
13750
6136
7553
4875
7021
5856
2371
15242
6916
3654
13257
10378
13339
6680
10648
18305
15328
6864
11000
12293
4014
19062
19222
17946
17987
14724
3089
18363
6007
10980
10018
17319
19380
18826
6002
13075
7083
13631
16836
19885
7166
10965
10251
10186
16362
17957
15864
15517
14129
19046
15942
13734
11050
13031
10391
3167
16260
17660
11703
2689
14230
17633
3278
4326
9030
13654
13092
10633
2160
15870
11792
17948
7664
10587
10038
4103
5940
11246
18123
18908
14185
18013
9961
15353
5086
4846
19605
2273
19995
11870
14681
8647
16201
12118
17787
15992
13343
10436
16970
13653
16916
14927
2512
17718
10777
13842
14059
12089
4409
9809
5122
5522
16943
9699
4478
7802
12715
19151
19073
16078
11134
5288
10739
16464
5541
12463
3626
7445
18966
13632
12334
2368
7353
6854
6044
17173
15200
13845
17951
16099
13778
13759
3945
8539
11290
14069
7537
19711
9681
19165
14779
18185
11953
19328
18825
13162
6079
3638
16800
19363
16010
18992
8387
4406
10935
4873
10584
10263
17700
12365
12415
10481
18240
4287
8768
9302
12376
11344
15087
16597
6478
14644
14044
5241
16477
6963
16439
14054
12187
16194
11202
3347
16215
11381
5730
12339
7652
11048
14874
13400
9420
16206
14339
6769
18304
6409
15537
8746
13552
19569
12800
4599
7074
6850
13248
11739
16133
13033
18326
3640
13348
14886
6786
10381
11139
17900
13539
8756
17291
16720
13255
9648
6832
2405
19461
12005
11744
6371
9923
8207
14255
6764
14511
13643
2086
19591
3383
18449
14817
17608
7571
16783
6788
3468
12023
13458
7255
19013
19039
11387
8629
19510
4911
17208
12821
5366
2200
11219
14871
10807
11505
17253
11018
9659
12915
17616
6653
12371
10000
13822
10396
16972
8561
5190
15177
14473
12808
11793
4609
11127
17402
16273
18057
15551
19856
11650
12962
19390
12948
11124
2665
13332
18915
18192
3881
13624
4761
11155
6918
8642
7495
15479
7033
15949
19990
7020
9795
17737
15939
15645
19595
16983
6234
4541
13022
13127
18329
11729
18394
11009
11908
15133
2141
6744
15159
14346
10868
10589
16627
13515
15514
14890
18984
17233
8116
9727
9557
11612
14853
19322
19951
13239
3741
4964
6716
11320
16544
14750
10744
18526
13304
12057
14617
9976
11861
12326
2491
13711
14713
9600
13874
8267
18112
6077
6737
11101
11526
19054
2693
12743
11791
12241
7531
10879
2982
10641
7252
2902
2357
15768
10796
2252
9063
13640
18866
14549
2353
15298
7352
8999
14571
12200
11740
6354
16077
17516
14677
15222
14697
8732
9756
5142
15976
10634
16506
8391
17831
19542
16257
18580
10035
9729
18404
10523
15302
16885
2406
10075
14765
15190
16873
12805
11838
2779
18546
19797
4966
6398
8743
17880
11949
16992
14877
10407
14031
7625
11360
18006
12945
8951
15160
8050
8946
11530
15323
7508
14920
15538
11569
10799
10647
3495
14433
11781
10170
12088
10294
10106
16157
18573
5143
17097
12716
12692
13626
19448
12218
12910
2002
10163
18981
13689
3953
7444
19133
10591
6961
8490
18931
3316
5912
7873
17198
13313
19578
4546
17913
14262
17380
6096
8434
18402
6437
7729
15763
16159
5461
17620
11359
13070
13519
11869
18809
16039
19562
14371
10050
11552
16450
16461
13201
13040
17477
14703
13754
17428
12039
14386
16576
2571
15098
5396
18732
15161
19290
15322
18442
12959
10740
14540
18087
10409
17049
5390
10487
4912
18920
15933
8195
11643
4569
13050
12164
19339
8280
14784
18791
16984
18119
18953
11880
6839
12904
17296
8132
8583
10214
7947
15056
14637
8959
10463
17200
11549
14875
6657
10199
10699
5710
3950
10656
6865
2251
18746
8373
10057
14714
17885
10175
12425
9190
7318
16339
18829
12507
18249
15744
2801
16887
15793
5878
16337
15812
19712
6574
12535
19882
17979
10169
14820
18139
9414
11852
16488
9705
15944
10068
8321
15383
8190
9283
15340
14037
15141
10277
5600
18578
17556
4075
17255
18988
4705
9291
12549
12616
17690
18922
9929
2823
11179
12669
10254
2673
19454
5982
7196
17954
11245
17496
11557
10850
14309
5712
12309
14943
17231
16473
7169
2247
11500
16699
9843
18462
2363
4477
12121
11239
19439
17300
10042
10102
19119
6834
13706
17675
12843
16067
5686
17886
15585
11646
18009
6242
17299
13163
2782
11599
15091
2414
9773
19120
12529
13897
18974
11701
11130
15636
18120
6893
10970
10755
14162
17045
18556
18773
14092
10308
8015
10311
5673
14452
15723
17530
3055
16784
18401
17804
15492
19714
10864
9267
17604
11447
7974
10557
16319
14745
12842
17383
6474
11049
7806
5352
11281
12279
12476
10976
16441
3243
12504
2912
11348
16458
12307
10095
15476
16484
17364
12930
16348
3951
4468
17871
12789
4986
7092
3901
13514
10629
6073
14291
2632
17685
2635
10237
16263
14534
2108
13483
11378
8429
19570
16795
19052
18164
17522
11570
18421
9742
16628
14392
18335
19109
11047
13623
5865
14972
13953
16188
11035
11747
18078
19643
3264
5847
17905
13364
17279
16622
18221
16747
11119
15021
4450
4308
19587
18195
9495
16498
15693
19300
14174
19779
16764
12827
18918
14957
12408
15018
15845
5448
12999
7565
13256
11619
14573
4701
16079
18499
17392
2268
4777
18036
17801
13121
10717
9075
5443
10087
19553
15891
5533
15927
11689
13383
18861
15986
12188
14467
10683
19227
14914
10519
4159
4385
14157
13338
13264
19393
3513
11256
16797
10363
18233
17968
10091
14864
19491
5889
10750
4651
13796
3206
13590
14415
5599
10710
15717
7386
3395
11420
7950
8752
14104
13850
16660
14592
2223
15861
9080
4167
13389
14676
12511
10302
11854
17309
13792
4622
2422
14687
4191
12008
13058
11685
6708
19200
9144
10181
3747
7721
10673
14213
17457
16475
15975
2758
4041
12406
17116
15227
11632
11664
14499
18018
4366
18887
7670
15093
17818
17484
10096
14907
16832
5496
12954
4581
14266
15991
7602
15241
14075
14869
18367
15846
5575
15066
7362
12551
12995
18344
2784
5873
19657
8469
10585
9329
17182
11157
19219
13156
18523
9334
17797
13751
15390
15402
7028
14495
19449
18030
3086
14692
10784
8997
18035
13784
5502
2833
13487
13069
18516
3785
10590
9701
15539
8194
13252
10040
13067
12090
16344
12346
18480
19275
11877
16902
9739
14999
11573
3221
17760
7706
11258
15061
17597
11264
5574
11462
11016
12290
14136
18077
18351
13221
2625
18222
11335
12571
8804
16080
2478
13324
16089
2396
18927
17793
14591
6958
18408
16527
4962
10327
13766
12933
15016
12758
2600
5392
17360
19094
14796
8238
12126
11662
5082
16738
10603
10421
10060
4568
6255
3598
10843
16792
13857
12004
15749
16030
13417
14355
14067
8905
18314
17021
12191
17994
11182
10917
8255
18048
15774
2117
5702
16556
15385
14642
12888
11072
14696
13588
19513
19078
11008
12695
18725
11358
15700
9138
12132
7460
13463
2182
2053
7833
9674
7790
14604
12854
10257
13142
5270
16882
18568
5622
14508
12060
13160
7750
15890
7958
9560
9044
5508
19362
6638
19216
18476
18767
17312
6238
14844
4702
14476
3564
19207
12117
12157
19790
18560
3968
14881
10250
14716
18440
19681
14328
14586
19237
18947
15400
19446
17111
16709
14264
19006
18968
16284
12405
2581
10109
18593
14806
13591
14649
13180
14833
10468
10700
13401
3342
15084
17393
13029
10824
3398
13507
11105
15838
2020
17562
18951
17154
10190
10991
11527
13292
13315
4934
12069
10951
12265
12703
9355
13312
13409
18330
19315
18434
15380
11370
15601
10526
5444
10065
17570
12323
17442
17425
14810
14911
14079
2480
8063
16167
17307
18941
3980
3613
6867
16905
4618
16474
10364
6884
11621
18286
18274
18137
6739
14424
9369
19863
10416
18671
17271
10527
13237
3956
13991
12363
17486
12145
11521
3665
12673
13486
7684
17318
15873
4348
12556
14350
5818
13138
9342
6023
13017
9032
18430
6945
3852
12515
10292
17721
8277
6594
11280
13924
18488
2670
18596
8862
16659
3875
9202
19950
13545
10626
17786
19773
8106
13527
11289
14969
4894
13434
13178
11770
14184
10897
12749
7593
15215
15139
16292
10174
12736
18597
6774
19848
15662
8584
15623
7757
3885
8739
13250
18422
12782
19913
17824
10757
18759
7698
19180
12328
18742
15990
11980
3501
17525
6253
13189
13159
10859
5342
16831
16480
16126
18566
5130
16197
11211
13893
7837
10686
14694
4271
16380
12497
19139
4528
16226
13062
4481
2972
13311
14496
8494
16727
3272
14516
4049
15785
11556
17692
16438
14487
17841
15534
10513
4125
4587
19329
10840
10988
6154
3938
2502
19138
14709
4548
9518
4970
10838
15201
14558
10741
19480
18648
17844
12268
10470
7431
14997
10159
10373
15437
14333
14841
16434
2035
7238
3247
16524
12816
15229
11867
15358
6214
6621
18514
19842
6939
15452
18412
5108
19022
9244
8810
13089
7455
15032
8698
19874
5193
12225
2587
19247
2078
10458
10805
19089
14857
2855
11677
8704
19451
16019
17331
18095
15147
13818
7400
17473
19471
4678
19648
16016
11506
19868
13381
18650
10067
13229
14663
10118
12208
17181
8633
10869
19090
13099
8385
14636
2044
7162
13105
6424
11722
11061
2169
10162
9881
18557
14409
13662
18667
18999
12112
8012
19906
11074
13066
11718
17294
6534
10643
11336
9335
12176
16296
14094
14201
14520
14299
3815
11427
19837
18889
15240
9034
16174
2929
17199
3362
11929
19600
11794
12886
10829
11511
6469
18410
11032
17619
12174
16557
17936
12922
19202
13758
3318
11567
14336
12002
14287
12215
17159
17483
10200
8053
15542
6641
2454
11276
13938
18766
16416
10235
11649
15552
8847
15665
11728
9751
8807
10173
4787
10123
15561
17351
10329
16064
13945
8457
12804
17586
13866
5843
11670
11019
10224
15496
14827
15397
4803
11056
11020
13231
17257
10201
4080
17750
4115
6742
9002
2737
3101
4344
16614
2578
16125
17729
11850
6538
15869
3440
19379
10112
11572
6006
19460
19298
11029
16391
12227
13682
17647
19291
2048
8864
14723
19845
18447
19164
13498
15289
5834
16880
14058
2377
17746
13432
18413
8165
19846
11114
11837
2796
16606
8994
14057
12548
18110
9755
18896
10083
13426
11806
13479
16177
13223
12665
16346
19561
8386
11181
18414
16040
11691
18459
17560
8805
7497
5435
18391
16835
18615
11007
15436
9170
13577
8744
6139
15465
11901
17422
18888
16212
15416
14406
16307
16015
6382
16757
11171
19922
3068
12823
18268
19923
13510
2899
16343
8179
15889
13804
16990
12927
11225
14555
18163
3027
4885
18340
2969
18678
10422
15852
9337
11112
14422
14451
12345
15657
11642
17138
4979
12044
17956
17639
13790
18841
12445
13300
18219
6919
16755
2597
15238
5166
18782
19571
4465
17362
11846
9793
7135
9047
17306
17806
9833
16763
9694
9430
14080
10360
15008
16029
17028
7373
6842
10790
12583
16011
19584
8548
10246
17396
16269
6581
19860
2876
11848
9650
13357
15293
19677
8842
5809
12938
16822
15333
12754
19063
19594
2523
9523
19400
14669
2713
19949
12417
14755
9137
19105
11813
16002
19932
15906
10508
11578
12912
7857
19577
12578
18067
18277
17334
12974
7547
10128
10665
9588
2896
10279
12020
14660
16667
17802
12024
19208
18504
12228
19450
18833
9053
10469
18290
17142
11286
15270
3582
3608
18501
12434
19395
17262
13438
17640
15445
19668
18381
2341
15670
7785
11630
10708
11491
11224
5311
17974
16033
17542
8160
11780
3756
9388
12944
14485
7152
16624
19910
16777
13931
12913
16087
13206
13608
18204
9271
18946
16483
8990
16023
16392
7327
11080
13457
14756
12696
17715
19548
18333
5684
16272
12543
19337
19064
13554
18150
3072
11531
13764
4359
16538
11692
17493
8903
10725
15963
17541
11364
16243
17203
12546
14302
17577
15972
13665
17056
12111
10707
6712
13710
10356
10637
19058
14992
19983
12183
15338
17899
15185
11422
19792
5914
15184
10726
8470
11584
19583
15367
3283
11581
3819
19309
4589
19930
3181
3927
12600
11331
9293
17194
10583
16917
11891
15855
17354
10615
18238
10512
15805
8486
18869
15622
10692
9812
11860
10911
14627
2741
11937
15654
19334
16664
5802
8105
8551
19271
11268
6539
2953
4272
12014
16879
19775
19751
19485
18285
6134
14227
11403
2834
10677
11304
16602
19267
11704
18205
13080
12744
13268
16657
17932
18143
13246
16028
15234
11011
15574
8158
17134
12465
18642
13840
9238
4876
17988
4762
6031
13582
16769
14412
10999
16378
12646
5822
8428
16926
19585
17169
16466
18386
18655
11690
15036
12327
15818
16472
13037
12972
3794
12928
4195
17731
10296
9685
12865
2557
17735
18267
18180
11487
16653
13988
14912
8374
14085
18138
6696
18411
16214
18914
18208
10357
13269
11682
10781
12460
9353
7621
12273
14731
19538
15491
2196
18302
6187
9049
19539
4474
5306
19915
10353
8657
13592
19534
14556
17571
18497
16072
15033
15269
15826
18091
2120
10432
12811
3553
15181
7410
18733
16571
13440
8141
14652
18469
13204
14727
18012
14348
15593
15193
19520
12160
15888
11210
8483
18553
19081
19902
5695
12049
6519
17125
18532
10940
11065
8339
17113
15914
10826
15755
19893
4655
18311
19313
11108
10047
14015
3753
14321
10086
18342
13447
14030
12162
12831
7546
2216
10830
15354
16093
11631
13334
4942
12545
17850
17976
14662
12988
5107
10209
18574
10877
18270
10632
17531
16265
19295
2649
17482
4772
17348
8784
7277
16637
19614
10307
11102
18275
16355
7643
11443
10024
14478
2159
13373
13785
2399
11397
14293
15176
9697
8055
10865
16406
17140
15237
9316
9236
5097
5064
15078
6457
4742
13808
10395
14151
18605
13658
16728
5511
7026
15145
13568
19936
18470
5747
7600
16059
19452
12367
15089
10642
10124
10873
7197
17460
3151
4883
13038
2205
17161
18821
12512
19528
17962
15594
15531
17781
17409
15266
10621
14494
16295
4735
18387
13906
9839
14002
13218
5567
6219
2150
2081
13984
15243
3274
15771
3989
13169
17980
10080
16051
8471
10345
6734
19708
18513
2260
11040
18319
7966
11797
8628
12105
7576
17594
14956
5556
15767
5041
12396
16999
17060
14207
8817
14466
6289
9957
16314
11755
10938
12541
16988
6443
17064
14974
10724
18371
17862
18996
10156
18445
17821
13185
13536
17598
18160
10063
13942
17739
13247
19905
12757
18551
7965
16370
14156
18519
12739
10177
13685
11894
6124
3241
12839
7924
11508
10791
11688
13043
10528
18736
11856
2483
10813
14702
18296
6725
